// ##################################################################
//                 VATSSA | FIR ICAO | TopSky | Areas
// ##################################################################

// Version v0.1
// Update Date 28/06/2022


// ##################################################################
//                 #0 CATEGORIES v0.1
// ##################################################################

CATEGORYDEF:PROH:0:0:10:1:0:10:1:0:0:1:1
CATEGORYDEF:DANG:0:0:10:1:0:10:1:0:0:1:1
CATEGORYDEF:REST:0:0:10:1:0:10:1:0:0:1:1


// ##################################################################
//                 #1 NOTAMS v0.1
// ##################################################################

// ##################################################################
//                 #2 PROHIBITED v0.1
// ##################################################################

//FIP06 : MBC Transmitter Site
AREA:1F:FIP06
CATEGORY:PROH
ACTIVE:1
BOUND:C:-20.3125:57.533333333333:0.0539957
LIMITS:0:35
-20.311600678067 57.533333333333
-20.311611750148 57.533483347155
-20.311644693766 57.533629667138
-20.311698697752 57.5337686904
-20.31177243237 57.533896993726
-20.311864082056 57.534011417862
-20.311971390121 57.534109145307
-20.312091714312 57.534187769686
-20.312222091876 57.534245355007
-20.312359312506 57.534280483327
-20.312499997387 57.53429228967
-20.312640682397 57.534280483327
-20.312777903398 57.534245355007
-20.31290828154 57.534187769686
-20.313028606459 57.534109145307
-20.313135915331 57.534011417862
-20.313227565825 57.533896993726
-20.313301301171 57.5337686904
-20.313355305735 57.533629667138
-20.313388249724 57.533483347155
-20.313399321933 57.533333333333
-20.313388249724 57.533183319511
-20.313355305735 57.533036999528
-20.313301301171 57.532897976266
-20.313227565825 57.53276967294
-20.313135915331 57.532655248804
-20.313028606459 57.532557521359
-20.31290828154 57.53247889698
-20.312777903398 57.532421311659
-20.312640682397 57.532386183339
-20.312499997387 57.532374376995
-20.312359312506 57.532386183339
-20.312222091876 57.532421311659
-20.312091714312 57.53247889698
-20.311971390121 57.532557521359
-20.311864082056 57.532655248804
-20.31177243237 57.53276967294
-20.311698697752 57.532897976266
-20.311644693766 57.533036999528
-20.311611750148 57.533183319511
-20.311600678067 57.533333333333

//FIP07 and FIP09 : St Louis Power Station
AREA:1F:FIP07
CATEGORY:PROH
ACTIVE:1
BOUND:C:-20.166666666667:57.466666666667:0.0539957
LIMITS:0:35
-20.165767344734 57.466666666667
-20.165778416816 57.46681653977
-20.165811360435 57.466962722501
-20.165865364423 57.467101615354
-20.165939099044 57.467229798327
-20.166030748733 57.467344115129
-20.166138056801 57.467441750902
-20.166258380995 57.467520301529
-20.166388758562 57.467577832832
-20.166525979193 57.467612928201
-20.166666664075 57.46762472347
-20.166807349084 57.467612928201
-20.166944570083 57.467577832832
-20.167074948223 57.467520301529
-20.16719527314 57.467441750902
-20.167302582008 57.467344115129
-20.167394232499 57.467229798327
-20.167467967843 57.467101615354
-20.167521972404 57.466962722501
-20.167554916391 57.46681653977
-20.1675659886 57.466666666667
-20.167554916391 57.466516793564
-20.167521972404 57.466370610833
-20.167467967843 57.46623171798
-20.167394232499 57.466103535007
-20.167302582008 57.465989218205
-20.16719527314 57.465891582432
-20.167074948223 57.465813031805
-20.166944570083 57.465755500502
-20.166807349084 57.465720405133
-20.166666664075 57.465708609864
-20.166525979193 57.465720405133
-20.166388758562 57.465755500502
-20.166258380995 57.465813031805
-20.166138056801 57.465891582432
-20.166030748733 57.465989218205
-20.165939099044 57.466103535007
-20.165865364423 57.46623171798
-20.165811360435 57.466370610833
-20.165778416816 57.466516793564
-20.165767344734 57.466666666667

//FIP08 : Fort Victoria Power Station
AREA:1F:FIP08
CATEGORY:PROH
ACTIVE:1
BOUND:C:-20.15:57.466666666667:0.0539957
LIMITS:0:35
-20.149100678067 57.466666666667
-20.149111750149 57.466816523767
-20.149144693768 57.466962690888
-20.149198697756 57.46710156891
-20.149272432378 57.467229738195
-20.149364082068 57.467344042791
-20.149471390136 57.467441668138
-20.14959171433 57.467520210378
-20.149722091897 57.467577735538
-20.149859312528 57.467612827159
-20.14999999741 57.467624621168
-20.150140682419 57.467612827159
-20.150277903418 57.467577735538
-20.150408281558 57.467520210378
-20.150528606474 57.467441668138
-20.150635915343 57.467344042791
-20.150727565833 57.467229738195
-20.150801301176 57.46710156891
-20.150855305738 57.466962690888
-20.150888249725 57.466816523767
-20.150899321933 57.466666666667
-20.150888249725 57.466516809567
-20.150855305738 57.466370642446
-20.150801301176 57.466231764424
-20.150727565833 57.466103595139
-20.150635915343 57.465989290543
-20.150528606474 57.465891665195
-20.150408281558 57.465813122956
-20.150277903418 57.465755597796
-20.150140682419 57.465720506175
-20.14999999741 57.465708712166
-20.149859312528 57.465720506175
-20.149722091897 57.465755597796
-20.14959171433 57.465813122956
-20.149471390136 57.465891665195
-20.149364082068 57.465989290543
-20.149272432378 57.466103595139
-20.149198697756 57.466231764424
-20.149144693768 57.466370642446
-20.149111750149 57.466516809567
-20.149100678067 57.466666666667

//FIP10 : Shell Depot
AREA:1F:FIP10
CATEGORY:PROH
ACTIVE:1
BOUND:C:-20.133333333333:57.5:0.0539957
LIMITS:0:35
-20.1324340114 57.5
-20.132445083482 57.500149841113
-20.132478027101 57.50029599264
-20.13253203109 57.500434855846
-20.132605765712 57.500563011457
-20.132697415402 57.500677303859
-20.13280472347 57.500774918791
-20.132925047665 57.500853452651
-20.133055425232 57.500910971674
-20.133192645863 57.500946059551
-20.133333330746 57.500957852303
-20.133474015754 57.500946059551
-20.133611236753 57.500910971674
-20.133741614893 57.500853452651
-20.133861939809 57.500774918791
-20.133969248677 57.500677303859
-20.134060899166 57.500563011457
-20.13413463451 57.500434855846
-20.134188639071 57.50029599264
-20.134221583058 57.500149841113
-20.134232655266 57.5
-20.134221583058 57.499850158887
-20.134188639071 57.49970400736
-20.13413463451 57.499565144154
-20.134060899166 57.499436988543
-20.133969248677 57.499322696141
-20.133861939809 57.499225081209
-20.133741614893 57.499146547349
-20.133611236753 57.499089028326
-20.133474015754 57.499053940449
-20.133333330746 57.499042147697
-20.133192645863 57.499053940449
-20.133055425232 57.499089028326
-20.132925047665 57.499146547349
-20.13280472347 57.499225081209
-20.132697415402 57.499322696141
-20.132605765712 57.499436988543
-20.13253203109 57.499565144154
-20.132478027101 57.49970400736
-20.132445083482 57.499850158887
-20.1324340114 57.5

//FIP11 : Hydro electric project
AREA:1F:FIP11
CATEGORY:PROH
ACTIVE:1
BOUND:C:-20.344444444444:57.676388888889:0.0539957
LIMITS:0:35
-20.343545122511 57.676388888889
-20.343556194592 57.6765389337
-20.343589138209 57.676685283909
-20.343643142195 57.67682433589
-20.343716876812 57.67695266572
-20.343808526498 57.677067113494
-20.343915834562 57.677164861126
-20.344036158752 57.677243501747
-20.344166536316 57.677301098964
-20.344303756945 57.67733623454
-20.344444441827 57.677348043323
-20.344585126837 57.67733623454
-20.344722347838 57.677301098964
-20.34485272598 57.677243501747
-20.344973050901 57.677164861126
-20.345080359773 57.677067113494
-20.345172010267 57.67695266572
-20.345245745614 57.67682433589
-20.345299750179 57.676685283909
-20.345332694168 57.6765389337
-20.345343766377 57.676388888889
-20.345332694168 57.676238844078
-20.345299750179 57.676092493869
-20.345245745614 57.675953441888
-20.345172010267 57.675825112058
-20.345080359773 57.675710664284
-20.344973050901 57.675612916652
-20.34485272598 57.675534276031
-20.344722347838 57.675476678814
-20.344585126837 57.675441543238
-20.344444441827 57.675429734455
-20.344303756945 57.675441543238
-20.344166536316 57.675476678814
-20.344036158752 57.675534276031
-20.343915834562 57.675612916652
-20.343808526498 57.675710664284
-20.343716876812 57.675825112058
-20.343643142195 57.675953441888
-20.343589138209 57.676092493869
-20.343556194592 57.676238844078
-20.343545122511 57.676388888889

//FIP19 : Government House
AREA:1F:FIP19
CATEGORY:PROH
ACTIVE:1
BOUND:C:-20.158333333333:57.494444444444:0.134989
LIMITS:0:35
-20.156085032664 57.494444444444
-20.156112712579 57.4948191065
-20.156195070785 57.495184543132
-20.156330079431 57.495531756078
-20.156514414289 57.495852195803
-20.156743536587 57.496137972018
-20.157011804758 57.496382047963
-20.157312613333 57.496578413679
-20.157638555571 57.49672223399
-20.157981605823 57.496809967563
-20.158333317139 57.496839454107
-20.158685029248 57.496809967563
-20.159028081801 57.49672223399
-20.159354027621 57.496578413679
-20.15965484071 57.496382047963
-20.159923113885 57.496137972018
-20.160152241188 57.495852195803
-20.16033658056 57.495531756078
-20.160471592789 57.495184543132
-20.160553953294 57.4948191065
-20.160581634002 57.494444444444
-20.160553953294 57.494069782388
-20.160471592789 57.493704345756
-20.16033658056 57.49335713281
-20.160152241188 57.493036693085
-20.159923113885 57.49275091687
-20.15965484071 57.492506840925
-20.159354027621 57.492310475209
-20.159028081801 57.492166654898
-20.158685029248 57.492078921324
-20.158333317139 57.492049434781
-20.157981605823 57.492078921324
-20.157638555571 57.492166654898
-20.157312613333 57.492310475209
-20.157011804758 57.492506840925
-20.156743536587 57.49275091687
-20.156514414289 57.493036693085
-20.156330079431 57.49335713281
-20.156195070785 57.493704345756
-20.156112712579 57.494069782388
-20.156085032664 57.494444444444

//FIP20 : GRNW Remand Prison
AREA:1F:FIP20
CATEGORY:PROH
ACTIVE:1
BOUND:C:-20.178888888889:57.466666666667:0.107991
LIMITS:0:35
-20.177090251685 57.466666666667
-20.177112395639 57.466966435256
-20.177178282265 57.467258822547
-20.177286289267 57.467536628996
-20.177433757239 57.467793014084
-20.177617055137 57.468021664761
-20.177831669675 57.468216950888
-20.178072316449 57.468374063872
-20.178333070042 57.46848913507
-20.178607509919 57.468559331048
-20.178888878514 57.468582923348
-20.179170247616 57.468559331048
-20.179444688967 57.46848913507
-20.179705444855 57.468374063872
-20.179946094521 57.468216950888
-20.180160712265 57.468021664761
-20.180344013369 57.467793014084
-20.180491484234 57.467536628996
-20.180599493532 57.467258822547
-20.180665381631 57.466966435256
-20.180687526093 57.466666666667
-20.180665381631 57.466366898078
-20.180599493532 57.466074510787
-20.180491484234 57.465796704338
-20.180344013369 57.46554031925
-20.180160712265 57.465311668573
-20.179946094521 57.465116382446
-20.179705444855 57.464959269462
-20.179444688967 57.464844198264
-20.179170247616 57.464774002286
-20.178888878514 57.464750409986
-20.178607509919 57.464774002286
-20.178333070042 57.464844198264
-20.178072316449 57.464959269462
-20.177831669675 57.465116382446
-20.177617055137 57.465311668573
-20.177433757239 57.46554031925
-20.177286289267 57.465796704338
-20.177178282265 57.466074510787
-20.177112395639 57.466366898078
-20.177090251685 57.466666666667

//FIP21 : Petit Verger Prison
AREA:1F:FIP21
CATEGORY:PROH
ACTIVE:1
BOUND:C:-20.176111111111:57.432222222222:0.107991
LIMITS:0:35
-20.174312473907 57.432222222222
-20.174334617861 57.43252198547
-20.174400504487 57.432814367552
-20.174508511489 57.433092169051
-20.174655979462 57.433348549572
-20.17483927736 57.433577196175
-20.175053891898 57.433772478823
-20.175294538672 57.433929589008
-20.175555292265 57.434044658156
-20.175829732142 57.434114852884
-20.176111100737 57.434138444763
-20.17639246984 57.434114852884
-20.176666911191 57.434044658156
-20.176927667078 57.433929589008
-20.177168316744 57.433772478823
-20.177382934488 57.433577196175
-20.177566235592 57.433348549572
-20.177713706457 57.433092169051
-20.177821715754 57.432814367552
-20.177887603853 57.43252198547
-20.177909748315 57.432222222222
-20.177887603853 57.431922458974
-20.177821715754 57.431630076892
-20.177713706457 57.431352275393
-20.177566235592 57.431095894872
-20.177382934488 57.430867248269
-20.177168316744 57.430671965621
-20.176927667078 57.430514855436
-20.176666911191 57.430399786287
-20.17639246984 57.43032959156
-20.176111100737 57.430305999681
-20.175829732142 57.43032959156
-20.175555292265 57.430399786287
-20.175294538672 57.430514855436
-20.175053891898 57.430671965621
-20.17483927736 57.430867248269
-20.174655979462 57.431095894872
-20.174508511489 57.431352275393
-20.174400504487 57.431630076892
-20.174334617861 57.431922458974
-20.174312473907 57.432222222222

//FIP22 : Richelieu Open Prison
AREA:1F:FIP22
CATEGORY:PROH
ACTIVE:1
BOUND:C:-20.201111111111:57.458055555556:0.107991
LIMITS:0:35
-20.199312473907 57.458055555556
-20.199334617861 57.458355366902
-20.199400504485 57.458647795898
-20.199508511486 57.458925641971
-20.199655979457 57.459182063629
-20.199839277353 57.45941074692
-20.200053891889 57.459606060901
-20.200294538661 57.459763196295
-20.200555292252 57.459878283907
-20.200829732129 57.459948489897
-20.201111100723 57.459972085562
-20.201392469826 57.459948489897
-20.201666911178 57.459878283907
-20.201927667067 57.459763196295
-20.202168316735 57.459606060901
-20.202382934481 57.45941074692
-20.202566235587 57.459182063629
-20.202713706454 57.458925641971
-20.202821715753 57.458647795898
-20.202887603852 57.458355366902
-20.202909748315 57.458055555556
-20.202887603852 57.45775574421
-20.202821715753 57.457463315214
-20.202713706454 57.457185469141
-20.202566235587 57.456929047483
-20.202382934481 57.456700364192
-20.202168316735 57.456505050211
-20.201927667067 57.456347914817
-20.201666911178 57.456232827205
-20.201392469826 57.456162621215
-20.201111100723 57.45613902555
-20.200829732129 57.456162621215
-20.200555292252 57.456232827205
-20.200294538661 57.456347914817
-20.200053891889 57.456505050211
-20.199839277353 57.456700364192
-20.199655979457 57.456929047483
-20.199508511486 57.457185469141
-20.199400504485 57.457463315214
-20.199334617861 57.45775574421
-20.199312473907 57.458055555556

//FIP23 : Central Prison
AREA:1F:FIP23
CATEGORY:PROH
ACTIVE:1
BOUND:C:-20.228888888889:57.455833333333:0.107991
LIMITS:0:35
-20.227090251685 57.455833333333
-20.227112395639 57.456133198207
-20.227178282262 57.456425679412
-20.227286289261 57.456703575091
-20.22743375723 57.456960042529
-20.227617055123 57.457188766648
-20.227831669657 57.4573841155
-20.228072316427 57.457541278949
-20.228333070016 57.457656387108
-20.228607509891 57.457726605632
-20.228888878486 57.45775020551
-20.229170247589 57.457726605632
-20.229444688942 57.457656387108
-20.229705444833 57.457541278949
-20.229946094503 57.4573841155
-20.230160712251 57.457188766648
-20.23034401336 57.456960042529
-20.230491484228 57.456703575091
-20.230599493529 57.456425679412
-20.23066538163 57.456133198207
-20.230687526093 57.455833333333
-20.23066538163 57.455533468459
-20.230599493529 57.455240987254
-20.230491484228 57.454963091575
-20.23034401336 57.454706624137
-20.230160712251 57.454477900018
-20.229946094503 57.454282551166
-20.229705444833 57.454125387717
-20.229444688942 57.454010279558
-20.229170247589 57.453940061034
-20.228888878486 57.453916461156
-20.228607509891 57.453940061034
-20.228333070016 57.454010279558
-20.228072316427 57.454125387717
-20.227831669657 57.454282551166
-20.227617055123 57.454477900018
-20.22743375723 57.454706624137
-20.227286289261 57.454963091575
-20.227178282262 57.455240987254
-20.227112395639 57.455533468459
-20.227090251685 57.455833333333

//FIP24 : Phoenix Prison
AREA:1F:FIP24
CATEGORY:PROH
ACTIVE:1
BOUND:C:-20.2875:57.496666666667:0.107991
LIMITS:0:35
-20.285701362796 57.496666666667
-20.285723506749 57.496966644777
-20.28578939337 57.497259236431
-20.285897400365 57.497537237051
-20.286044868329 57.497793801338
-20.286228166218 57.498022611829
-20.286442780747 57.49821803445
-20.286683427512 57.498375257248
-20.286944181098 57.498490408875
-20.28721862097 57.498560653916
-20.287499989564 57.498584262705
-20.287781358668 57.498560653916
-20.288055800023 57.498490408875
-20.288316555918 57.498375257248
-20.288557205592 57.49821803445
-20.288771823346 57.498022611829
-20.288955124459 57.497793801338
-20.289102595333 57.497537237051
-20.289210604637 57.497259236431
-20.28927649274 57.496966644777
-20.289298637204 57.496666666667
-20.28927649274 57.496366688556
-20.289210604637 57.496074096903
-20.289102595333 57.495796096283
-20.288955124459 57.495539531996
-20.288771823346 57.495310721505
-20.288557205592 57.495115298884
-20.288316555918 57.494958076086
-20.288055800023 57.494842924459
-20.287781358668 57.494772679418
-20.287499989564 57.494749070629
-20.28721862097 57.494772679418
-20.286944181098 57.494842924459
-20.286683427512 57.494958076086
-20.286442780747 57.495115298884
-20.286228166218 57.495310721505
-20.286044868329 57.495539531996
-20.285897400365 57.495796096283
-20.28578939337 57.496074096903
-20.285723506749 57.496366688556
-20.285701362796 57.496666666667

//FIP25 : Eastern High Security Prison
AREA:1F:FIP25
CATEGORY:PROH
ACTIVE:1
BOUND:C:-20.261388888889:57.620833333333:0.107991
LIMITS:0:35
-20.259590251685 57.620833333333
-20.259612395638 57.621133260947
-20.25967828226 57.621425803349
-20.259786289257 57.621703757172
-20.259933757224 57.621960278271
-20.260117055114 57.622189050246
-20.260331669645 57.622384439971
-20.260572316412 57.622541636302
-20.26083307 57.622656768546
-20.261107509874 57.622727001762
-20.261388878467 57.622750606577
-20.261670247571 57.622727001762
-20.261944688925 57.622656768546
-20.262205444819 57.622541636302
-20.262446094491 57.622384439971
-20.262660712242 57.622189050246
-20.262844013353 57.621960278271
-20.262991484225 57.621703757172
-20.263099493527 57.621425803349
-20.26316538163 57.621133260947
-20.263187526093 57.620833333333
-20.26316538163 57.620533405719
-20.263099493527 57.620240863317
-20.262991484225 57.619962909494
-20.262844013353 57.619706388395
-20.262660712242 57.61947761642
-20.262446094491 57.619282226695
-20.262205444819 57.619125030364
-20.261944688925 57.619009898121
-20.261670247571 57.618939664904
-20.261388878467 57.618916060089
-20.261107509874 57.618939664904
-20.26083307 57.619009898121
-20.260572316412 57.619125030364
-20.260331669645 57.619282226695
-20.260117055114 57.61947761642
-20.259933757224 57.619706388395
-20.259786289257 57.619962909494
-20.25967828226 57.620240863317
-20.259612395638 57.620533405719
-20.259590251685 57.620833333333

//FIP26 : Rehabilitation Centres
AREA:1F:FIP26
CATEGORY:PROH
ACTIVE:1
BOUND:C:-20.223888888889:57.461666666667:0.107991
LIMITS:0:35
-20.222090251685 57.461666666667
-20.222112395639 57.461966521899
-20.222178282262 57.4622589937
-20.222286289262 57.462536880444
-20.222433757231 57.462793339636
-20.222617055125 57.463022056401
-20.222831669659 57.463217398972
-20.223072316429 57.463374557367
-20.223333070019 57.463489661825
-20.223607509894 57.463559878092
-20.223888878488 57.463583477211
-20.224170247592 57.463559878092
-20.224444688944 57.463489661825
-20.224705444835 57.463374557367
-20.224946094505 57.463217398972
-20.225160712253 57.463022056401
-20.225344013361 57.462793339636
-20.225491484229 57.462536880444
-20.225599493529 57.4622589937
-20.22566538163 57.461966521899
-20.225687526093 57.461666666667
-20.22566538163 57.461366811435
-20.225599493529 57.461074339634
-20.225491484229 57.46079645289
-20.225344013361 57.460539993698
-20.225160712253 57.460311276933
-20.224946094505 57.460115934362
-20.224705444835 57.459958775967
-20.224444688944 57.459843671509
-20.224170247592 57.459773455242
-20.223888878488 57.459749856123
-20.223607509894 57.459773455242
-20.223333070019 57.459843671509
-20.223072316429 57.459958775967
-20.222831669659 57.460115934362
-20.222617055125 57.460311276933
-20.222433757231 57.460539993698
-20.222286289262 57.46079645289
-20.222178282262 57.461074339634
-20.222112395639, 57.461366811435
-20.222090251685 57.461666666667

//FIP27 : Rodrigues Prison
AREA:1F:FIP27
CATEGORY:PROH
ACTIVE:1
BOUND:C:-19.686388888889:63.4:0.107991
LIMITS:0:35
-19.684590251685 63.4
-19.684612395646 63.400298835612
-19.684678282291 63.400590312899
-19.684786289323 63.400867254723
-19.684933757334 63.401122841858
-19.685117055275 63.4013507809
-19.685331669855 63.401545459233
-19.685572316667 63.401702083231
-19.68583307029 63.40181679629
-19.686107510187 63.401886773795
-19.686388878788 63.401910292668
-19.686670247884 63.401886773795
-19.686944689216 63.40181679629
-19.687205445073 63.401702083231
-19.687446094701 63.401545459233
-19.687660712403 63.4013507809
-19.687844013464 63.401122841858
-19.687991484291 63.400867254723
-19.688099493558 63.400590312899
-19.688165381638 63.400298835612
-19.688187526093 63.4
-19.688165381638 63.399701164388
-19.688099493558 63.399409687101
-19.687991484291 63.399132745277
-19.687844013464 63.398877158142
-19.687660712403 63.3986492191
-19.687446094701 63.398454540767
-19.687205445073 63.398297916769
-19.686944689216 63.39818320371
-19.686670247884 63.398113226204
-19.686388878788 63.398089707332
-19.686107510187 63.398113226204
-19.68583307029 63.39818320371
-19.685572316667 63.398297916769
-19.685331669855 63.398454540767
-19.685117055275 63.3986492191
-19.684933757334 63.398877158142
-19.684786289323 63.399132745277
-19.684678282291 63.399409687101
-19.684612395646 63.399701164388
-19.684590251685 63.4

// ##################################################################
//                 #3 RESTRICTED v0.1
// ##################################################################

// ##################################################################
//                 #4 DANGER v0.1
// ##################################################################

//FID02 : Mountain St Pierre
AREA:1F:FID02
CATEGORY:DANG
ACTIVE:NOTAM:FIMM:FID02
BOUND:C:-20.266666666667:57.433333333333:0.539957
LIMITS:0:30
-20.257673447334 57.433333333333
-20.257784162411 57.434833027975
-20.258113581936 57.436295795156
-20.258653595863 57.437685616691
-20.259390909367 57.438968270562
-20.260307370003 57.440112173572
-20.261380414418 57.441089159035
-20.262583623647 57.441875170328
-20.263887373346 57.442450853246
-20.265259562983 57.442802032567
-20.266666406053 57.442920061092
-20.268073261878 57.442802032567
-20.269445488533 57.442450853246
-20.270749295888 57.441875170328
-20.271952577767 57.441089159035
-20.273025702716 57.440112173572
-20.273942243887 57.438968270562
-20.274679630042 57.437685616691
-20.275219701625 57.436295795156
-20.275549158167 57.434833027975
-20.275659886 57.433333333333
-20.275549158167 57.431833638691
-20.275219701625 57.43037087151
-20.274679630042 57.428981049975
-20.273942243887 57.427698396104
-20.273025702716 57.426554493094
-20.271952577767 57.425577507631
-20.270749295888 57.424791496338
-20.269445488533 57.42421581342
-20.268073261878 57.423864634099
-20.266666406053 57.423746605574
-20.265259562983 57.423864634099
-20.263887373346 57.42421581342
-20.262583623647 57.424791496338
-20.261380414418 57.425577507631
-20.260307370003 57.426554493094
-20.259390909367 57.427698396104
-20.258653595863 57.428981049975
-20.258113581936 57.43037087151
-20.257784162411 57.431833638691
-20.257673447334 57.433333333333

//FID03 : Flat Island
AREA:1F:FID03
CATEGORY:DANG
ACTIVE:NOTAM:FIMM:FID03
BOUND:C:-19.883333333333:57.666666666667:3.941685
LIMITS:0:105
-19.817682850525 57.666666666667
-19.818490784506 57.677587704837
-19.820894716717 57.688239830044
-19.824835524852 57.698360751021
-19.830216282961 57.707701256804
-19.83690463738 57.716031353204
-19.844736052225 57.723145926009
-19.853517845817 57.728869791488
-19.863033920127 57.733062009856
-19.873050068235 57.735619355502
-19.883319730455 57.736478858596
-19.893590058446 57.735619355502
-19.903608138698 57.733062009856
-19.913127222394 57.728869791488
-19.921912808035 57.723145926009
-19.9297484264 57.716031353204
-19.93644098434 57.707701256804
-19.941825534501 57.698360751021
-19.945769352028 57.688239830044
-19.948175216387 57.677587704837
-19.948983816141 57.666666666667
-19.948175216387 57.655745628497
-19.945769352028 57.64509350329
-19.941825534501 57.634972582313
-19.93644098434 57.62563207653
-19.9297484264 57.61730198013
-19.921912808035 57.610187407325
-19.913127222394 57.604463541845
-19.903608138698 57.600271323478
-19.893590058446 57.597713977832
-19.883319730455 57.596854474738
-19.873050068235 57.597713977832
-19.863033920127 57.600271323478
-19.853517845817 57.604463541845
-19.844736052225 57.610187407325
-19.83690463738 57.61730198013
-19.830216282961 57.62563207653
-19.824835524852 57.634972582313
-19.820894716717 57.64509350329
-19.818490784506 57.655745628497
-19.817682850525 57.666666666667

//FID04 : Pointe Aux Caves
AREA:1F:FID04
CATEGORY:DANG
ACTIVE:NOTAM:FIMM:FID04
BOUND:C:-20.183333333333:57.416666666667:1.187905
LIMITS:0:60
-20.163548257463 57.416666666667
-20.163791813862 57.419964226417
-20.16451648814 57.423180589281
-20.165704442938 57.426236557715
-20.16732643703 57.429056883625
-20.16934254435 57.431572121229
-20.171703135848 57.433720337041
-20.174350100136 57.435448634876
-20.177218272991 57.436714458328
-20.180237040658 57.43748663864
-20.183332077603 57.437746162187
-20.186427176009 57.43748663864
-20.189446122039 57.436714458328
-20.192314572701 57.435448634876
-20.194961887047 57.433720337041
-20.197322866587 57.431572121229
-20.199339361948 57.429056883625
-20.200961706098 57.426236557715
-20.202149938703 57.423180589281
-20.202874791344 57.419964226417
-20.203118409203 57.416666666667
-20.202874791344 57.413369106917
-20.202149938703 57.410152744053
-20.200961706098 57.407096775619
-20.199339361948 57.404276449709
-20.197322866587 57.401761212105
-20.194961887047 57.399612996293
-20.192314572701 57.397884698458
-20.189446122039 57.396618875006
-20.186427176009 57.395846694694
-20.183332077603 57.395587171147
-20.180237040658 57.395846694694
-20.177218272991 57.396618875006
-20.174350100136 57.397884698458
-20.171703135848 57.399612996293
-20.16934254435 57.401761212105
-20.16732643703 57.404276449709
-20.165704442938 57.407096775619
-20.16451648814 57.410152744053
-20.163791813862 57.413369106917
-20.163548257463 57.416666666667

//FID05 : 
AREA:1F:FID05
CATEGORY:DANG
ACTIVE:NOTAM:FIMM:FID05
LIMITS:0:400
-19.916666666667 57.4
-19.816666666667 57.4
-19.816666666667 57.5
-19.916666666667 57.5
-19.916666666667 57.4

//FID17 : 
AREA:1F:FID17
CATEGORY:DANG
ACTIVE:NOTAM:FIMM:FID17
LIMITS:0:400
-19.466666666667 57.433333333333
-19.566666666667 57.433333333333
-19.566666666667 57.55
-19.466666666667 57.55

//FID18 : 
AREA:1F:FID18
CATEGORY:DANG
ACTIVE:NOTAM:FIMM:FID18
LIMITS:0:400
-19.65 57.566666666667
-19.75 57.566666666667
-19.75 57.666666666667
-19.65 57.666666666667

//FID28 : Midlands Gallery range
AREA:1F:FID28
CATEGORY:DANG
ACTIVE:1
BOUND:C:-20.333333333333:57.616666666667:0.8099352
LIMITS:0:30
-20.319843509331 57.616666666667
-20.320009577052 57.618917176261
-20.320503692133 57.621112270832
-20.321313690878 57.623197899863
-20.322419633197 57.625122708243
-20.323794293125 57.626839300801
-20.325403828629 57.628305409335
-20.327208614264 57.629484933394
-20.329164216227 57.630348829186
-20.331222485877 57.630875824738
-20.333332744851 57.631052943673
-20.335443032626 57.630875824738
-20.337501385864 57.630348829186
-20.339457118018 57.629484933394
-20.341262067703 57.628305409335
-20.342871785059 57.626839300801
-20.344246626837 57.625122708243
-20.345352733206 57.623197899863
-20.346162862143 57.621112270832
-20.346657060811 57.618917176261
-20.346823157335 57.616666666667
-20.346657060811 57.614416157073
-20.346162862143 57.612221062502
-20.345352733206 57.610135433471
-20.344246626837 57.608210625091
-20.342871785059 57.606494032533
-20.341262067703 57.605027923999
-20.339457118018 57.60384839994
-20.337501385864 57.602984504148
-20.335443032626 57.602457508596
-20.333332744851 57.602280389661
-20.331222485877 57.602457508596
-20.329164216227 57.602984504148
-20.327208614264 57.60384839994
-20.325403828629 57.605027923999
-20.323794293125 57.606494032533
-20.322419633197 57.608210625091
-20.321313690878 57.610135433471
-20.320503692133 57.612221062502
-20.320009577052 57.614416157073
-20.319843509331 57.616666666667

// ##################################################################
//                 #5 WARNING v0.1
// ##################################################################

// ##################################################################
//                 THE END
// ##################################################################
