// ##################################################################
//                 VATSSA | FIR FQBE | TopSky | Airspace
// ##################################################################

// Version v0.3
// Update Date 23/08/2022


// ##################################################################
//                 FQ MOZAMBIQUE
// ##################################################################

// TL Transition Level
QNHTL:FQBR:40,995,35,1013,30,1031,25,1049,20,1060,20
QNHTL:FQCH:95,995,90,1013,85,1031,80,1049,75,1060,75
QNHTL:FQIN:40,995,35,1013,30,1031,25,1049,20,1060,20
QNHTL:FQLC:95,995,90,1013,85,1031,80,1049,75,1060,75
QNHTL:FQMA:50,995,45,1013,40,1031,35,1049,30,1060,30
QNHTL:FQNC:70,995,65,1013,60,1031,55,1049,50,1060,50
QNHTL:FQNP:70,995,65,1013,60,1031,55,1049,50,1060,50
QNHTL:FQPB:40,995,35,1013,30,1031,25,1049,20,1060,20
QNHTL:FQQL:40,995,35,1013,30,1031,25,1049,20,1060,20
QNHTL:FQTT:65,995,60,1013,55,1031,50,1049,45,1060,45
QNHTL:FQVL:40,995,35,1013,30,1031,25,1049,20,1060,20

// LEVELS
LEVELS:FQBR:18,33
LEVELS:FQMA:17,19,30,33,34


// ##################################################################
//                 END
// ##################################################################
